data/semcor_txt/br-a01.txt	0.4682741116751269	0.22919788896946255	0.27932680686487804
data/semcor_txt/br-a02.txt	0.4723423423423424	0.29402831402831403	0.33040774540774576
data/semcor_txt/br-a03.txt	0.5161290322580645	0.20698359989156945	0.2635758506726249
data/semcor_txt/br-a04.txt	0.4298969072164949	0.21919489445262638	0.2559564719358534
data/semcor_txt/br-a05.txt	0.4658385093167702	0.15898402839396616	0.2126047520457458
data/semcor_txt/br-a06.txt	0.5460809646856158	0.18369632090562318	0.240193183216439
data/semcor_txt/br-a07.txt	0.48787878787878786	0.18058887191240128	0.2346320346320346
data/semcor_txt/br-a09.txt	0.4732824427480916	0.181115957833515	0.2310069065794256
data/semcor_txt/br-a10.txt	0.413425925925926	0.1368579144620811	0.18054453262786593
data/semcor_txt/br-a11.txt	0.37969924812030076	0.22513625333174203	0.25742169276003873
data/semcor_txt/br-a13.txt	0.4098039215686275	0.24650832555244334	0.2738951136009961
data/semcor_txt/br-a15.txt	0.434106529209622	0.2028603055020582	0.2480261004745542
data/semcor_txt/br-a16.txt	0.36195286195286197	0.17376142376142373	0.19959916626583293
data/semcor_txt/br-a17.txt	0.29605263157894735	0.13758354218880534	0.16694862155388468
data/semcor_txt/br-a18.txt	0.3666666666666667	0.15841736694677871	0.19566760037348274
data/semcor_txt/br-a19.txt	0.48133333333333334	0.14397142857142858	0.1990920634920635
data/semcor_txt/br-a20.txt	0.4361559139784946	0.17501675401343328	0.21082425638877245
data/semcor_txt/br-a21.txt	0.4184149184149184	0.13780386280386275	0.18445998445998446
data/semcor_txt/br-a22.txt	0.4633333333333333	0.13102380952380943	0.18733251933251927
data/semcor_txt/br-a23.txt	0.43805309734513276	0.14051481949712036	0.19473368322925846
data/semcor_txt/br-a24.txt	0.45337995337995346	0.14626827420945065	0.19626535081080532
data/semcor_txt/br-a25.txt	0.45934959349593496	0.14429926442121555	0.19736153638592663
data/semcor_txt/br-a26.txt	0.4521857923497268	0.15057572209211553	0.20712334113973455
data/semcor_txt/br-a27.txt	0.43361823361823365	0.1857041107041106	0.223036223036223
data/semcor_txt/br-a28.txt	0.4444444444444444	0.15946208112874774	0.2085831863609641
data/semcor_txt/br-a29.txt	0.4642857142857143	0.21038548752834468	0.24808767951625085
data/semcor_txt/br-a30.txt	0.3394495412844037	0.10351681957186544	0.1477719528178244
data/semcor_txt/br-a31.txt	0.3241758241758242	0.15371533228676085	0.18597592883307168
data/semcor_txt/br-a32.txt	0.4351851851851852	0.19129923574368013	0.23960237293570621
data/semcor_txt/br-a33.txt	0.34174311926605505	0.13541939711664477	0.16942624144459006
data/semcor_txt/br-a34.txt	0.39690721649484534	0.15019636720667648	0.19624522098748898
data/semcor_txt/br-a35.txt	0.44594594594594594	0.23244851994851995	0.2836658086658087
data/semcor_txt/br-a36.txt	0.34297520661157027	0.15911058638331366	0.19333595697232056
data/semcor_txt/br-a37.txt	0.5103092783505154	0.21026018654884635	0.2648993618065783
data/semcor_txt/br-a38.txt	0.36259541984732824	0.1232218587180419	0.16989579546831451
data/semcor_txt/br-a39.txt	0.4413793103448276	0.15104542966611928	0.20188286808976458
data/semcor_txt/br-a40.txt	0.33955223880597013	0.1543976545842217	0.19186804074863772
data/semcor_txt/br-a41.txt	0.43564356435643564	0.14879080345009288	0.20596488220250594
data/semcor_txt/br-a42.txt	0.39999999999999997	0.12738423192968645	0.17182867637413088
data/semcor_txt/br-a43.txt	0.3400900900900901	0.1856070356070356	0.21160446160446153
data/semcor_txt/br-a44.txt	0.35956790123456794	0.1343915343915344	0.17849126182459518
data/semcor_txt/br-b01.txt	0.39518900343642605	0.1440598919980363	0.18710596391008766
data/semcor_txt/br-b02.txt	0.3473451327433628	0.13507163927517904	0.17154094676218568
data/semcor_txt/br-b03.txt	0.3284313725490196	0.12161531279178336	0.15757858699035174
data/semcor_txt/br-b04.txt	0.4188034188034188	0.18164428164428162	0.23213268213268215
data/semcor_txt/br-b05.txt	0.3114678899082569	0.13010048055919612	0.15390272316877823
data/semcor_txt/br-b06.txt	0.4392523364485981	0.1440781608593593	0.19710725411659982
data/semcor_txt/br-b07.txt	0.3817204301075269	0.1566436251920123	0.20251749445297834
data/semcor_txt/br-b08.txt	0.4166666666666667	0.14470238095238094	0.19171596921596915
data/semcor_txt/br-b09.txt	0.4041353383458647	0.13232187611886856	0.17837450769781593
data/semcor_txt/br-b10.txt	0.3888888888888889	0.13116024187452757	0.17937882223596502
data/semcor_txt/br-b11.txt	0.416140350877193	0.24669172932330824	0.27218045112781947
data/semcor_txt/br-b12.txt	0.3867924528301887	0.1375112309074573	0.18665768194070076
data/semcor_txt/br-b14.txt	0.4759887005649717	0.19014662362119988	0.24622740724435643
data/semcor_txt/br-b15.txt	0.41007194244604317	0.13808667351832815	0.19075596665524716
data/semcor_txt/br-b16.txt	0.45	0.17321428571428574	0.2225757575757576
data/semcor_txt/br-b17.txt	0.4318181818181818	0.1667027417027417	0.21774799274799267
data/semcor_txt/br-b18.txt	0.40404040404040403	0.17453102453102454	0.22162097162097158
data/semcor_txt/br-b19.txt	0.4732142857142857	0.19385629251700678	0.25282738095238094
data/semcor_txt/br-b20.txt	0.4672544080604534	0.26679745527352583	0.31031546119707365
data/semcor_txt/br-b21.txt	0.40540540540540543	0.21373873873873875	0.25561990561990555
data/semcor_txt/br-b22.txt	0.3546099290780142	0.16679331306990877	0.20563154339750075
data/semcor_txt/br-b23.txt	0.4444444444444444	0.1745296884185773	0.23060766394099716
data/semcor_txt/br-b24.txt	0.3859020310633213	0.1914405188598737	0.221394435910565
data/semcor_txt/br-b25.txt	0.4642857142857143	0.20598882410106897	0.26022101481285154
data/semcor_txt/br-b26.txt	0.44815123714206284	0.1605504587155963	0.20623774798086716
data/semcor_txt/br-b27.txt	0.4069767441860465	0.14997231450719817	0.2015011689430294
data/semcor_txt/br-c01.txt	0.41370192307692305	0.26814617673992674	0.29398466117216143
data/semcor_txt/br-c02.txt	0.43206793206793204	0.26379956022813167	0.30206314849172017
data/semcor_txt/br-c03.txt	0.3119047619047619	0.13764172335600905	0.1631424792139078
data/semcor_txt/br-c04.txt	0.4057738095238095	0.26340758547008547	0.2882997835497839
data/semcor_txt/br-c05.txt	0.44144144144144143	0.1728228228228228	0.22235157235157227
data/semcor_txt/br-c06.txt	0.3958333333333333	0.13578139589168997	0.18535879629629629
data/semcor_txt/br-c07.txt	0.3466666666666667	0.1140634920634921	0.16520634920634916
data/semcor_txt/br-c08.txt	0.4	0.13390977443609023	0.18305764411027564
data/semcor_txt/br-c09.txt	0.45478723404255317	0.1619099767566601	0.2177304964539006
data/semcor_txt/br-c10.txt	0.4358974358974359	0.19379578754578752	0.2355921855921855
data/semcor_txt/br-c11.txt	0.43	0.20585714285714282	0.25449206349206344
data/semcor_txt/br-c12.txt	0.5	0.19016412390198792	0.24620126367699174
data/semcor_txt/br-c13.txt	0.3684210526315789	0.14878863826232244	0.19162489557226395
data/semcor_txt/br-c14.txt	0.44	0.1741269841269841	0.22788359788359788
data/semcor_txt/br-c15.txt	0.33881578947368424	0.1531067251461988	0.1808061821219716
data/semcor_txt/br-c16.txt	0.36160714285714285	0.13045280612244897	0.17289605236033806
data/semcor_txt/br-c17.txt	0.48148148148148145	0.16525573192239856	0.2185626102292769
data/semcor_txt/br-d01.txt	0.444331983805668	0.24658039329091982	0.2886591478696742
data/semcor_txt/br-d03.txt	0.5026315789473684	0.32847744360902253	0.3674310776942358
data/semcor_txt/br-d04.txt	0.445823927765237	0.2966222681698715	0.3263732129420619
data/semcor_txt/br-d05.txt	0.49230769230769234	0.20693223443223438	0.26091020091020095
data/semcor_txt/br-d06.txt	0.4453125	0.18493303571428565	0.24107142857142855
data/semcor_txt/br-d07.txt	0.527027027027027	0.19351673101673095	0.25664999414999407
data/semcor_txt/br-d09.txt	0.3485915492957746	0.1350435949027498	0.17585513078470824
data/semcor_txt/br-d11.txt	0.485	0.20314285714285718	0.2597539682539683
data/semcor_txt/br-d12.txt	0.34269662921348315	0.16677367576243984	0.20714285714285716
data/semcor_txt/br-d13.txt	0.4405594405594406	0.15149295149295144	0.20789765789765782
data/semcor_txt/br-d14.txt	0.40816326530612246	0.15020651117589892	0.2010932944606414
data/semcor_txt/br-d15.txt	0.37373737373737376	0.16713564213564214	0.20312650312650307
data/semcor_txt/br-d16.txt	0.4892241379310345	0.1801561141698058	0.2290789670100015
data/semcor_txt/br-d17.txt	0.44405594405594406	0.13742646242646236	0.1941008486463031
data/semcor_txt/br-e03.txt	0.3726053639846743	0.11379310344827585	0.1546947305567995
data/semcor_txt/br-e04.txt	0.44330453563714906	0.2784711508793581	0.31401487880969553
data/semcor_txt/br-e05.txt	0.4114942528735632	0.16100164203612474	0.21180623973727417
data/semcor_txt/br-e06.txt	0.4262295081967213	0.19428908175291978	0.23861566484517288
data/semcor_txt/br-e07.txt	0.36947791164658633	0.18405287817938418	0.2196691528016829
data/semcor_txt/br-e08.txt	0.44954128440366975	0.15643294014853648	0.2184869666521042
data/semcor_txt/br-e09.txt	0.36724806201550386	0.14757290513104462	0.18156146179401997
data/semcor_txt/br-e10.txt	0.3838383838383838	0.1175765592432259	0.16596798263464932
data/semcor_txt/br-e11.txt	0.4469026548672566	0.19098539120663013	0.23983003230790828
data/semcor_txt/br-e12.txt	0.37894736842105264	0.1675563909774436	0.20889724310776941
data/semcor_txt/br-e13.txt	0.43333333333333335	0.12356764928193499	0.17684807256235832
data/semcor_txt/br-e14.txt	0.31470588235294117	0.13064425770308122	0.16686741363211946
data/semcor_txt/br-e15.txt	0.28056147832267236	0.17823975361288794	0.18370844191739708
data/semcor_txt/br-e16.txt	0.425531914893617	0.2770882584712372	0.2984464707868962
data/semcor_txt/br-e17.txt	0.4	0.18540952380952383	0.22661587301587294
data/semcor_txt/br-e18.txt	0.5048543689320388	0.2048312528895053	0.26475574048389583
data/semcor_txt/br-e19.txt	0.49339933993399343	0.20703677510608204	0.2637749489234637
data/semcor_txt/br-e20.txt	0.3779527559055118	0.1720691163604549	0.2104111986001749
data/semcor_txt/br-e21.txt	0.531404958677686	0.2882947889899761	0.3473343827889281
data/semcor_txt/br-e22.txt	0.46267772511848343	0.27979387647634085	0.3191322500564211
data/semcor_txt/br-e23.txt	0.359075907590759	0.1992841426999843	0.23319989141771363
data/semcor_txt/br-e24.txt	0.4047530864197531	0.20354458450046686	0.24076611281289692
data/semcor_txt/br-e25.txt	0.3967391304347826	0.22672877846790884	0.26765010351966917
data/semcor_txt/br-e26.txt	0.4524922118380062	0.2507064975522918	0.2941536526816903
data/semcor_txt/br-e27.txt	0.5019580200501254	0.33443504594820384	0.3661810776942358
data/semcor_txt/br-e29.txt	0.4353658536585366	0.2666318234610917	0.3058768873403024
data/semcor_txt/br-e30.txt	0.4414339419978518	0.26084183673469385	0.293416577157179
data/semcor_txt/br-e31.txt	0.41882041086812455	0.24807819748177606	0.2829800418269605
data/semcor_txt/br-f01.txt	0.40594059405940597	0.17469354078264965	0.21572371522866565
data/semcor_txt/br-f02.txt	0.3560606060606061	0.13025864386158503	0.16700937950937944
data/semcor_txt/br-f04.txt	0.3660958904109589	0.13253424657534246	0.17432050445749075
data/semcor_txt/br-f05.txt	0.48484848484848486	0.18647586980920308	0.2448773448773448
data/semcor_txt/br-f06.txt	0.4826979472140763	0.2021409370199692	0.2490495391705069
data/semcor_txt/br-f07.txt	0.3318042813455657	0.13382481432940146	0.17096985583224117
data/semcor_txt/br-f08.txt	0.44803695150115475	0.24994226327944583	0.2922357857692734
data/semcor_txt/br-f09.txt	0.4088050314465409	0.15404620967884006	0.2004297240146296
data/semcor_txt/br-f10.txt	0.40523690773067333	0.2214037600461247	0.25727348295926866
data/semcor_txt/br-f11.txt	0.3829201101928375	0.129004329004329	0.1783156237701692
data/semcor_txt/br-f12.txt	0.46464646464646464	0.2103805916305916	0.2578102453102452
data/semcor_txt/br-f13.txt	0.410976430976431	0.24210678210678221	0.28014109347442706
data/semcor_txt/br-f14.txt	0.4368811881188119	0.2662600188590288	0.30313352763847856
data/semcor_txt/br-f15.txt	0.4593967517401392	0.2747293116782676	0.32097742422568437
data/semcor_txt/br-f16.txt	0.4319645732689211	0.29338801295323047	0.3180354267310791
data/semcor_txt/br-f17.txt	0.4557077625570777	0.3075298978038704	0.33889541204609713
data/semcor_txt/br-f18.txt	0.4174140508221226	0.276984336335431	0.30640959688044894
data/semcor_txt/br-f20.txt	0.4191780821917808	0.24735920852359208	0.28085690565142635
data/semcor_txt/br-f21.txt	0.4193766937669377	0.27237950058072	0.3019760614272812
data/semcor_txt/br-f23.txt	0.3931924882629108	0.22096467695059246	0.260211267605634
data/semcor_txt/br-f24.txt	0.4289321789321789	0.2794063079777366	0.30648850908591196
data/semcor_txt/br-f25.txt	0.4642295597484277	0.281199460916442	0.3210897723869424
data/semcor_txt/br-f33.txt	0.4149305555555555	0.23279513888888886	0.2746974206349208
data/semcor_txt/br-f43.txt	0.423582295988935	0.2456990105330354	0.2867944411512877
data/semcor_txt/br-f44.txt	0.4783505154639176	0.25879725085910643	0.3077925053182789
data/semcor_txt/br-g02.txt	0.3333333333333333	0.16247619047619044	0.19621164021164023
data/semcor_txt/br-g03.txt	0.34951456310679613	0.15753582986592693	0.20210355987055015
data/semcor_txt/br-g04.txt	0.360082304526749	0.14261708798745829	0.18157500935278711
data/semcor_txt/br-g05.txt	0.5041666666666667	0.1902050264550264	0.24730820105820103
data/semcor_txt/br-g06.txt	0.5216000000000001	0.20091428571428563	0.2649910533910533
data/semcor_txt/br-g07.txt	0.3282828282828283	0.171043771043771	0.20285393618726952
data/semcor_txt/br-g08.txt	0.4111111111111111	0.1917195767195767	0.23375661375661372
data/semcor_txt/br-g09.txt	0.3678678678678679	0.1292042042042042	0.17619047619047615
data/semcor_txt/br-g10.txt	0.46885245901639344	0.17140905542544885	0.22357000922574682
data/semcor_txt/br-g11.txt	0.46208530805687204	0.29001354096140813	0.3297882344090879
data/semcor_txt/br-g13.txt	0.41237113402061853	0.16908443789887087	0.22131402389134341
data/semcor_txt/br-g14.txt	0.408974358974359	0.2547053160514698	0.28562728937728954
data/semcor_txt/br-g16.txt	0.3982102908277405	0.23621764141898352	0.2719203863499168
data/semcor_txt/br-g18.txt	0.4377828054298643	0.2693546649429003	0.3050635638870936
data/semcor_txt/br-g19.txt	0.4519230769230769	0.3116758241758242	0.3452642595499741
data/semcor_txt/br-g20.txt	0.5088105726872246	0.2706139430809035	0.32475875812880245
data/semcor_txt/br-g21.txt	0.4271402550091075	0.24687093416601616	0.289908057940845
data/semcor_txt/br-g22.txt	0.42985971943887774	0.2567253554728504	0.2961303559499956
data/semcor_txt/br-g23.txt	0.4766355140186916	0.2898826640649069	0.3311711912179206
data/semcor_txt/br-g28.txt	0.4197530864197531	0.2728808421516755	0.3012529394473841
data/semcor_txt/br-g39.txt	0.4451219512195122	0.2559668989547037	0.2955246379636626
data/semcor_txt/br-g43.txt	0.4188861985472155	0.2352876743917906	0.27462046965678955
data/semcor_txt/br-g44.txt	0.4521035598705501	0.27729523038989046	0.31611958699337384
data/semcor_txt/br-h01.txt	0.46416978776529344	0.2774371321562333	0.31797428539001626
data/semcor_txt/br-h02.txt	0.40384615384615385	0.17932692307692305	0.22918192918192914
data/semcor_txt/br-h03.txt	0.4758771929824562	0.1971177944862155	0.24978070175438594
data/semcor_txt/br-h04.txt	0.4380952380952381	0.20366213151927434	0.25485260770975054
data/semcor_txt/br-h05.txt	0.4451219512195122	0.19647212543554005	0.24605110336817643
data/semcor_txt/br-h06.txt	0.37373737373737376	0.1445286195286195	0.1938672438672438
data/semcor_txt/br-h07.txt	0.4019607843137255	0.15608076563958917	0.19916744475568
data/semcor_txt/br-h08.txt	0.4397590361445783	0.16560527825588067	0.21655192197360873
data/semcor_txt/br-h09.txt	0.4454796411318151	0.260958296362023	0.30227578954287054
data/semcor_txt/br-h10.txt	0.41836734693877553	0.13956511175898936	0.19993521218011015
data/semcor_txt/br-h11.txt	0.4178921568627451	0.2297006302521009	0.27066409897292276
data/semcor_txt/br-h12.txt	0.4792207792207792	0.27690476190476193	0.32322407750979226
data/semcor_txt/br-h13.txt	0.35498366013071897	0.20668086679116096	0.2375836445689388
data/semcor_txt/br-h14.txt	0.4829290206648697	0.2579931972789114	0.31055919223035156
data/semcor_txt/br-h15.txt	0.4174852652259332	0.23769157957878634	0.2754669909876198
data/semcor_txt/br-h16.txt	0.4734758511480601	0.275107453907929	0.3225106511329793
data/semcor_txt/br-h17.txt	0.4444444444444444	0.29034097589653146	0.32418969233784084
data/semcor_txt/br-h18.txt	0.5502283105022832	0.2643792448486245	0.3318420671160402
data/semcor_txt/br-h24.txt	0.44288939051918735	0.2976916048586478	0.32326847970188843
data/semcor_txt/br-j01.txt	0.4866284622731614	0.29376790830945554	0.33895483694910666
data/semcor_txt/br-j02.txt	0.4376344086021505	0.2208923927994135	0.2665506059054451
data/semcor_txt/br-j05.txt	0.4932562620423892	0.30085328929259564	0.34639722298681835
data/semcor_txt/br-j06.txt	0.4417808219178082	0.2664003044140029	0.307494382836849
data/semcor_txt/br-j08.txt	0.4058149058149058	0.22768635709812185	0.2720389220389224
data/semcor_txt/br-j09.txt	0.40503003003002996	0.22539950664950656	0.26555841555841586
data/semcor_txt/br-j10.txt	0.4509279086366881	0.30348220658713165	0.3353777913735089
data/semcor_txt/br-j11.txt	0.42723577235772364	0.2691666666666666	0.3029113433991485
data/semcor_txt/br-j12.txt	0.4550949913644214	0.31689489267209464	0.3479913868514907
data/semcor_txt/br-j13.txt	0.38519924098671726	0.2362474021866809	0.27424776362157766
data/semcor_txt/br-j14.txt	0.4746945898778359	0.33599476439790565	0.3688379683144083
data/semcor_txt/br-j16.txt	0.5260416666666667	0.35132211538461533	0.38983516483516484
data/semcor_txt/br-j17.txt	0.46355555555555555	0.29242539682539687	0.3310433862433867
data/semcor_txt/br-j18.txt	0.4176646706586826	0.2941572037996835	0.31975810284193523
data/semcor_txt/br-j19.txt	0.42393736017897093	0.24090319946024624	0.28098998937925135
data/semcor_txt/br-j20.txt	0.3873239436619718	0.23433098591549303	0.26910537297861276
data/semcor_txt/br-j21.txt	0.48	0.12022222222222222	0.18044444444444446
data/semcor_txt/br-j22.txt	0.4297597042513863	0.24083487369069617	0.2866913123844735
data/semcor_txt/br-j23.txt	0.43507402961184477	0.26729941976790705	0.30864512471655364
data/semcor_txt/br-j24.txt	0.3541666666666667	0.15148809523809526	0.19240244708994705
data/semcor_txt/br-j25.txt	0.38405797101449274	0.2125776397515528	0.2518403496664366
data/semcor_txt/br-j26.txt	0.4252336448598131	0.18169781931464174	0.23616674083963798
data/semcor_txt/br-j27.txt	0.3940809968847352	0.16249443702714728	0.2077659101023587
data/semcor_txt/br-j28.txt	0.43410852713178294	0.19837886058816287	0.24651162790697667
data/semcor_txt/br-j31.txt	0.46715328467153283	0.26105318039624603	0.3072741667632182
data/semcor_txt/br-j32.txt	0.38864942528735635	0.221857040229885	0.2641317733990151
data/semcor_txt/br-j34.txt	0.3914101233713824	0.25811714516315	0.2863791844421387
data/semcor_txt/br-j35.txt	0.4253144654088051	0.2732142857142857	0.3062762054507341
data/semcor_txt/br-j37.txt	0.4103982300884956	0.2522914032869786	0.2883515943250459
data/semcor_txt/br-j38.txt	0.4039094650205762	0.21294826572604345	0.25813573714808313
data/semcor_txt/br-j41.txt	0.5059419564673504	0.2903163483723904	0.347596808717649
data/semcor_txt/br-j42.txt	0.430406852248394	0.2599775670439481	0.30236735665001213
data/semcor_txt/br-j52.txt	0.38740740740740737	0.22301648351648354	0.2528941798941801
data/semcor_txt/br-j53.txt	0.4010752688172043	0.24305598224953065	0.2805427547363036
data/semcor_txt/br-j54.txt	0.4452479338842975	0.28450987144168965	0.3215531942804671
data/semcor_txt/br-j55.txt	0.46611909650924027	0.23559914304267499	0.2812484800164473
data/semcor_txt/br-j56.txt	0.4495495495495495	0.2927248677248678	0.32546615879949253
data/semcor_txt/br-j58.txt	0.4516386890487609	0.2782887975334017	0.317890449545126
data/semcor_txt/br-j70.txt	0.46939178515007896	0.24686301060708643	0.2928665463025656
data/semcor_txt/br-k02.txt	0.46609632446134347	0.24657133449070373	0.2900749757213638
data/semcor_txt/br-k03.txt	0.4347120843471209	0.2464382265477156	0.28414664546051427
data/semcor_txt/br-k05.txt	0.4324845679012346	0.2436168062904173	0.28376690182245773
data/semcor_txt/br-k06.txt	0.44289067739771965	0.3054086423301713	0.325831467883782
data/semcor_txt/br-k08.txt	0.4698491277699198	0.23528602860286024	0.2785282099638537
data/semcor_txt/br-k09.txt	0.48150105708245244	0.2578088578088578	0.3055807241853756
data/semcor_txt/br-k10.txt	0.4660818713450292	0.2548870841634	0.29521752613857905
data/semcor_txt/br-k11.txt	0.4181944444444445	0.22163277116402114	0.2576340788840791
data/semcor_txt/br-k12.txt	0.41684901531728663	0.25024052655343687	0.28189554185177823
data/semcor_txt/br-k13.txt	0.4682705718270572	0.2726696885169688	0.30845001116967674
data/semcor_txt/br-k14.txt	0.450034435261708	0.26729602839228517	0.30035496292180824
data/semcor_txt/br-k16.txt	0.47140804597701147	0.29977250957854407	0.3315151204159827
data/semcor_txt/br-k18.txt	0.38902027027027025	0.1991125053625054	0.23127299377299398
data/semcor_txt/br-k19.txt	0.4881226053639847	0.2562433862433861	0.3015234446268933
data/semcor_txt/br-k21.txt	0.4194237918215614	0.22494462707397314	0.25739907036375465
data/semcor_txt/br-k22.txt	0.486651411136537	0.26882849543032605	0.3088704963991006
data/semcor_txt/br-k23.txt	0.4560081466395112	0.2620025539068308	0.30184269227039107
data/semcor_txt/br-k25.txt	0.4573732718894009	0.24376051495867168	0.2891119888815747
data/semcor_txt/br-k27.txt	0.4154929577464789	0.24691322538405017	0.2849861071189042
data/semcor_txt/br-k28.txt	0.4256972111553785	0.2531002972238031	0.283358628976159
data/semcor_txt/br-k29.txt	0.44855532064834397	0.2602536997885834	0.3000083895432735
data/semcor_txt/br-l01.txt	0.49074074074074076	0.1511610817166372	0.21149323927101693
data/semcor_txt/br-l02.txt	0.37283236994219654	0.09560739517386915	0.14349022846132664
data/semcor_txt/br-l03.txt	0.4637524801587302	0.18119006283068784	0.21420031296676023
data/semcor_txt/br-l04.txt	0.4423868312757201	0.17884087791495198	0.22835097001763663
data/semcor_txt/br-l05.txt	0.4692982456140351	0.17057977186976148	0.22030581504265703
data/semcor_txt/br-l06.txt	0.38095238095238093	0.1592802553120013	0.19727891156462582
data/semcor_txt/br-l07.txt	0.462406015037594	0.14865735767991398	0.2057226399331662
data/semcor_txt/br-l11.txt	0.4433623188405797	0.26656400966183574	0.2985865382604517
data/semcor_txt/br-l12.txt	0.45492702673910723	0.2902205177372962	0.32127071288145154
data/semcor_txt/br-l13.txt	0.4649705014749263	0.23272566911947437	0.2815174992166146
data/semcor_txt/br-l14.txt	0.47315018315018315	0.25022762951334365	0.29008721437292906
data/semcor_txt/br-l15.txt	0.45327942497753826	0.2717441064476105	0.3018569032046123
data/semcor_txt/br-l16.txt	0.435024154589372	0.2300923753001759	0.27123376623376644
data/semcor_txt/br-l17.txt	0.39745634016704634	0.23243468755997232	0.2641211989731354
data/semcor_txt/br-l18.txt	0.46754807692307687	0.23469119218200105	0.2776520354645358
data/semcor_txt/br-m03.txt	0.420863309352518	0.16248144341669518	0.2143890082739003
data/semcor_txt/br-m04.txt	0.3904109589041096	0.1593933463796477	0.1990269623831267
data/semcor_txt/br-m05.txt	0.4598108747044918	0.22970280310705837	0.2748794940284302
data/semcor_txt/br-m06.txt	0.40863453815261047	0.14283562822719442	0.19608433734939756
data/semcor_txt/br-n01.txt	0.4395509499136442	0.13493297146146882	0.1819437902339456
data/semcor_txt/br-n02.txt	0.3968253968253968	0.13751574703955652	0.18417775639997858
data/semcor_txt/br-n03.txt	0.46658086658086656	0.21798847166494223	0.2547235356058885
data/semcor_txt/br-n04.txt	0.3947594501718213	0.18860456553755522	0.2192239032445218
data/semcor_txt/br-n05.txt	0.4511201629327902	0.22954611579866172	0.268501423898573
data/semcor_txt/br-n06.txt	0.4414141414141415	0.18825156325156314	0.2358970658970658
data/semcor_txt/br-n07.txt	0.46511627906976744	0.14176587301587296	0.20035068290882233
data/semcor_txt/br-n08.txt	0.44922737306843263	0.18617418269736144	0.2348890991275097
data/semcor_txt/br-n09.txt	0.46211001642036126	0.25530557050406366	0.2904859645007431
data/semcor_txt/br-n10.txt	0.4215200397339552	0.22475983785584724	0.25957339283330494
data/semcor_txt/br-n11.txt	0.40915178571428573	0.24041628510378524	0.2732754629629632
data/semcor_txt/br-n12.txt	0.42175835679734314	0.22577568750408258	0.26103391350304955
data/semcor_txt/br-n14.txt	0.43153566647542557	0.24376474150570532	0.27990432147058675
data/semcor_txt/br-n15.txt	0.3611881188118811	0.2145214521452146	0.23809866700955845
data/semcor_txt/br-n16.txt	0.46875420875420876	0.2692512425845759	0.306905709329952
data/semcor_txt/br-p04.txt	0.46235778261922045	0.14221349033440525	0.18782133504355716
data/semcor_txt/br-p05.txt	0.38235294117647056	0.1362511671335201	0.17700269501740085
data/semcor_txt/br-p06.txt	0.4493213710605015	0.17399739283797258	0.21167088413465218
data/semcor_txt/br-p08.txt	0.4218905472636816	0.1579108426123351	0.20461186132827916
data/semcor_txt/br-p09.txt	0.3936507936507937	0.22972963544392122	0.26149281934996244
data/semcor_txt/br-p10.txt	0.429611650485437	0.23355389890584066	0.2702349430504773
data/semcor_txt/br-p12.txt	0.453206562266965	0.22707399887620974	0.2654806292390188
data/semcor_txt/br-p24.txt	0.42465753424657543	0.18506921794593031	0.218648342137464
data/semcor_txt/br-r02.txt	0.49868766404199477	0.17074740657417822	0.2308842076558611
data/semcor_txt/br-r03.txt	0.34649122807017546	0.12531758317362032	0.16503822688033212
data/semcor_txt/br-r04.txt	0.41545551222970584	0.21839970065776526	0.25753690753690767
data/semcor_txt/br-r06.txt	0.5039449797514313	0.2317808512983358	0.2819627362186325
data/semcor_txt/br-r07.txt	0.47133605998636674	0.2436321290615769	0.2863586197942031
data/semcor_txt/br-r08.txt	0.41533687943262415	0.2549485458395033	0.292004390408646
